holiday_palettes <- list(
  Christmas10_RedGreenVers = c("#0b322d",
                  "#005F54",
                  "#008d78",
                  "#00BE9C",
                  "#fbc2bb",
                  "#fb88a1",
                  "#f54679",
                  "#E60031",
                  "#a70027",
                  "#6C001A"),
  Christmas10_ColorfulCheerVers = c(),
  StrawberryMatcha10 = c("#999a44",
                         "#668d4c",
                         "#51744e",
                         "#264829",
                         "#fbc2bb",
                         "#fb88a1",
                         "#fc4757",
                         "#e03957",
                         "#ad2035"),
  Valentine10_HeartCandyVers = c(),
  Valentine10_BlushVers = c(),
  Easter10 = c(),
  Halloween10 = c(),
  LunarNewYear10 = c(),
  Summer10 = c(),
  Holi10 = c(),
  Earth10 = c(),
)

holiday_palettes$Christmas10

# 10 Strawberry-Matcha Palette
"#999a44"
"#668d4c"
"#51744e"
"#264829"
"#fbc2bb"
"#fb88a1"
"#fc4757"
"#e03957"
"#ad2035"

# 10 Christmas Palette
"#0b322d"
"#005F54"
"#008d78"
"#00BE9C"
"#fbc2bb"
"#fb88a1"
"#f54679"
"#E60031"
"#a70027"
"#6C001A"
  # BG
  "#F2F3F8"
